504,156,0,0,0
503,159,0,0,0
504,165,0,0,0
509,178,0,0,0
515,194,0,0,0
522,209,0,0,0
611,289,0,0,0
628,298,0,0,0
644,304,0,0,0
662,308,0,0,0
678,311,0,0,0
690,311,0,0,0
706,310,0,0,0
717,303,0,0,0
741,283,0,0,0
762,261,0,0,0
791,232,0,0,0
802,222,0,0,0
807,217,0,0,0
811,215,0,0,0
813,214,0,0,0
820,211,0,0,0
825,208,0,0,0
829,207,0,0,0
834,206,0,0,0
838,206,0,0,0
845,206,0,0,0
853,211,0,0,0
862,218,0,0,0
871,226,0,0,0
880,234,0,0,0
886,241,0,0,0
892,248,0,0,0
896,257,0,0,0
899,268,0,0,0
902,279,0,0,0
903,291,0,0,0
903,301,0,0,0
901,314,0,0,0
884,335,0,0,0
873,344,0,0,0
860,353,0,0,0
846,360,0,0,0
829,363,0,0,0
809,364,0,0,0
780,369,0,0,0
752,375,0,0,0
736,378,0,0,0
720,380,0,0,0
707,380,0,0,0
688,380,0,0,0
669,378,0,0,0
650,370,0,0,0
637,360,0,0,0
628,353,0,0,0
623,338,0,0,0
623,329,0,0,0
623,321,0,0,0
623,312,0,0,0
625,306,0,0,0
627,300,0,0,0
629,294,0,0,0
633,287,0,0,0
639,280,0,0,0
648,268,0,0,0
663,258,0,0,0
687,244,0,0,0
705,235,0,0,0
719,228,0,0,0
730,222,0,0,0
737,220,0,0,0
745,218,0,0,0
759,214,0,0,0
772,210,0,0,0
789,205,0,0,0
798,203,0,0,0
805,202,0,0,0
812,202,0,0,0
818,199,0,0,0
822,198,0,0,0
823,196,0,0,0
825,192,0,0,0
825,188,0,0,0
820,181,0,0,0
813,175,0,0,0
802,169,0,0,0
793,165,0,0,0
781,161,0,0,0
763,156,0,0,0
746,156,0,0,0
723,154,0,0,0
688,153,0,0,0
661,153,0,0,0
641,153,0,0,0
630,153,0,0,0
619,153,0,0,0
613,153,0,0,0
611,154,0,0,0
609,156,0,0,0
605,164,0,0,0
599,174,0,0,0
594,181,0,0,0
589,188,0,0,0
587,195,0,0,0
587,202,0,0,0
587,214,0,0,0
587,225,0,0,0
587,236,0,0,0
592,245,0,0,0
599,252,0,0,0
614,257,0,0,0
648,264,0,0,0
702,270,0,0,0
745,276,0,0,0
761,278,0,0,0
782,281,0,0,0
790,282,0,0,0
337,311,0,0,0
339,311,0,0,0
348,315,0,0,0
363,324,0,0,0
373,331,0,0,0
390,346,0,0,0
405,359,0,0,0
431,384,0,0,0
444,397,0,0,0
450,405,0,0,0
456,413,0,0,0
458,415,0,0,0
459,415,0,0,0
459,416,0,0,0
460,416,0,0,0
485,307,0,0,0
484,307,0,0,0
481,309,0,0,0
479,315,0,0,0
477,320,0,0,0
471,332,0,0,0
447,361,0,0,0
428,384,0,0,0
408,405,0,0,0
393,419,0,0,0
379,430,0,0,0
368,435,0,0,0
365,437,0,0,0
357,439,0,0,0
352,440,0,0,0
348,442,0,0,0
346,443,0,0,0
344,444,0,0,0
404,225,0,0,0
403,224,0,0,0
403,223,0,0,0
402,222,0,0,0
402,221,0,0,0
408,224,0,0,0
436,235,0,0,0
595,314,0,0,0
612,324,0,0,0
623,334,0,0,0
657,365,0,0,0
660,366,0,0,0
671,372,0,0,0
685,382,0,0,0
703,391,0,0,0
739,406,0,0,0
811,424,0,0,0
910,446,0,0,0
954,456,0,0,0
1031,469,0,0,0
1037,459,0,0,0
1076,403,0,0,0
1078,394,0,0,0
1080,384,0,0,0
1080,372,0,0,0
1073,360,0,0,0
1063,348,0,0,0
1040,325,0,0,0
1011,300,0,0,0
989,287,0,0,0
937,268,0,0,0
918,265,0,0,0
905,263,0,0,0
896,260,0,0,0
888,257,0,0,0
884,254,0,0,0
881,248,0,0,0
878,246,0,0,0
877,244,0,0,0
877,245,0,0,0
881,247,0,0,0
905,257,0,0,0
922,261,0,0,0
949,260,0,0,0
968,242,0,0,0
991,217,0,0,0
1003,202,0,0,0
1012,191,0,0,0
1026,176,0,0,0
1041,164,0,0,0
1049,157,0,0,0
1051,157,0,0,0
1052,157,0,0,0
1051,157,0,0,0
1041,157,0,0,0
1034,157,0,0,0
1019,158,0,0,0
1006,167,0,0,0
995,179,0,0,0
968,202,0,0,0
957,214,0,0,0
941,257,0,0,0
940,268,0,0,0
940,275,0,0,0
940,306,0,0,0
943,321,0,0,0
945,329,0,0,0
943,383,0,0,0
941,387,0,0,0
938,389,0,0,0
882,387,0,0,0
497,418,0,0,0
465,446,0,0,0
437,462,0,0,0
418,477,0,0,0
414,483,0,0,0
409,489,0,0,0
405,498,0,0,0
400,506,0,0,0
395,513,0,0,0
392,515,0,0,0
390,519,0,0,0
396,521,0,0,0
408,521,0,0,0
427,521,0,0,0
478,530,0,0,0
508,536,0,0,0
543,545,0,0,0
563,552,0,0,0
581,557,0,0,0
593,560,0,0,0
604,561,0,0,0
610,561,0,0,0
615,561,0,0,0
617,561,0,0,0
619,561,0,0,0
620,561,0,0,0
622,559,0,0,0
622,558,0,0,0
623,557,0,0,0
623,556,0,0,0
612,530,0,0,0
609,501,0,0,0
608,494,0,0,0
608,485,0,0,0
572,451,0,0,0
481,458,0,0,0
478,465,0,0,0
478,468,0,0,0
482,476,0,0,0
486,478,0,0,0
492,480,0,0,0
495,481,0,0,0
502,482,0,0,0
516,482,0,0,0
526,480,0,0,0
533,467,0,0,0
542,457,0,0,0
541,455,0,0,0
539,454,0,0,0
536,453,0,0,0
529,452,0,0,0
525,452,0,0,0
522,452,0,0,0
517,452,0,0,0
511,452,0,0,0
506,452,0,0,0
500,452,0,0,0
498,453,0,0,0
497,454,0,0,0
496,455,0,0,0
496,455,0,0,0
494,458,0,0,0
493,459,0,0,0
492,460,0,0,0
491,461,0,0,0
491,462,0,0,0
491,466,0,0,0
491,467,0,0,0
569,459,0,0,0
557,459,0,0,0
554,459,0,0,0
552,459,0,0,0
550,460,0,0,0
549,461,0,0,0
547,463,0,0,0
546,464,0,0,0
544,466,0,0,0
542,467,0,0,0
541,469,0,0,0
540,473,0,0,0
540,474,0,0,0
540,476,0,0,0
540,477,0,0,0
540,478,0,0,0
540,479,0,0,0
539,481,0,0,0
539,483,0,0,0
539,485,0,0,0
539,486,0,0,0
539,487,0,0,0
540,487,0,0,0
543,487,0,0,0
546,487,0,0,0
550,487,0,0,0
555,487,0,0,0
560,487,0,0,0
565,486,0,0,0
568,486,0,0,0
572,486,0,0,0
575,486,0,0,0
578,485,0,0,0
581,483,0,0,0
584,481,0,0,0
586,479,0,0,0
587,477,0,0,0
588,475,0,0,0
588,473,0,0,0
588,470,0,0,0
588,468,0,0,0
588,467,0,0,0
588,466,0,0,0
586,464,0,0,0
585,463,0,0,0
583,462,0,0,0
582,461,0,0,0
577,457,0,0,0
576,457,0,0,0
574,457,0,0,0
573,457,0,0,0
572,457,0,0,0
569,457,0,0,0
567,457,0,0,0
566,457,0,0,0
565,457,0,0,0
564,457,0,0,0
562,457,0,0,0
561,458,0,0,0
560,458,0,0,0
558,459,0,0,0
557,460,0,0,0
555,461,0,0,0
552,462,0,0,0
551,464,0,0,0
549,465,0,0,0
548,466,0,0,0
532,453,0,0,0
532,451,0,0,0
532,449,0,0,0
532,446,0,0,0
532,442,0,0,0
532,439,0,0,0
532,435,0,0,0
532,430,0,0,0
532,423,0,0,0
532,418,0,0,0
532,413,0,0,0
532,411,0,0,0
532,408,0,0,0
532,405,0,0,0
532,403,0,0,0
532,400,0,0,0
532,398,0,0,0
533,397,0,0,0
534,395,0,0,0
534,392,0,0,0
535,389,0,0,0
535,385,0,0,0
536,381,0,0,0
536,376,0,0,0
536,372,0,0,0
536,370,0,0,0
536,366,0,0,0
536,363,0,0,0
536,361,0,0,0
537,358,0,0,0
538,354,0,0,0
540,350,0,0,0
540,346,0,0,0
542,339,0,0,0
543,334,0,0,0
544,331,0,0,0
545,328,0,0,0
545,325,0,0,0
547,324,0,0,0
547,323,0,0,0
548,322,0,0,0
548,320,0,0,0
548,318,0,0,0
548,316,0,0,0
548,314,0,0,0
549,313,0,0,0
549,310,0,0,0
549,309,0,0,0
550,308,0,0,0
551,307,0,0,0
552,307,0,0,0
555,307,0,0,0
558,310,0,0,0
562,319,0,0,0
564,321,0,0,0
567,326,0,0,0
569,327,0,0,0
570,329,0,0,0
571,330,0,0,0
572,331,0,0,0
573,331,0,0,0
573,332,0,0,0
573,334,0,0,0
573,336,0,0,0
573,340,0,0,0
573,342,0,0,0
573,346,0,0,0
573,351,0,0,0
573,355,0,0,0
572,361,0,0,0
572,365,0,0,0
571,369,0,0,0
571,372,0,0,0
571,375,0,0,0
570,379,0,0,0
570,382,0,0,0
570,387,0,0,0
569,392,0,0,0
569,397,0,0,0
569,401,0,0,0
569,407,0,0,0
569,412,0,0,0
569,416,0,0,0
569,419,0,0,0
569,423,0,0,0
569,427,0,0,0
568,431,0,0,0
568,437,0,0,0
568,442,0,0,0
567,446,0,0,0
567,450,0,0,0
567,452,0,0,0
567,455,0,0,0
567,456,0,0,0
567,457,0,0,0
567,458,0,0,0
567,462,0,0,0
567,463,0,0,0
545,339,0,0,0
550,339,0,0,0
557,339,0,0,0
560,339,0,0,0
564,341,0,0,0
566,344,0,0,0
567,345,0,0,0
568,346,0,0,0
569,346,0,0,0
569,347,0,0,0
570,347,0,0,0
571,347,0,0,0
563,323,0,0,0
563,324,0,0,0
563,327,0,0,0
563,328,0,0,0
563,330,0,0,0
563,331,0,0,0
563,332,0,0,0
563,335,0,0,0
563,336,0,0,0
563,337,0,0,0
563,339,0,0,0
563,341,0,0,0
563,342,0,0,0
563,343,0,0,0
562,296,0,0,0
562,292,0,0,0
562,286,0,0,0
562,282,0,0,0
563,276,0,0,0
564,271,0,0,0
565,266,0,0,0
565,261,0,0,0
568,259,0,0,0
611,215,0,0,0
758,72,0,0,0
758,72,0,0,0
883,89,0,0,0
883,89,0,0,0
898,91,0,0,0
898,91,0,0,0
903,93,0,0,0
903,93,0,0,0
782,58,0,0,0
782,58,0,0,0
776,58,0,0,0
776,58,0,0,0
771,58,0,0,0
771,58,0,0,0
770,58,0,0,0
770,58,0,0,0
770,60,0,0,0
770,60,0,0,0
792,69,0,0,0
792,69,0,0,0
804,72,0,0,0
804,72,0,0,0
818,77,0,0,0
818,77,0,0,0
834,79,0,0,0
834,79,0,0,0
841,80,0,0,0
841,80,0,0,0
845,82,0,0,0
845,82,0,0,0
844,82,0,0,0
844,82,0,0,0
838,82,0,0,0
838,82,0,0,0
831,82,0,0,0
831,82,0,0,0
824,82,0,0,0
824,82,0,0,0
811,80,0,0,0
811,80,0,0,0
803,79,0,0,0
803,79,0,0,0
794,78,0,0,0
794,78,0,0,0
790,78,0,0,0
790,78,0,0,0
802,85,0,0,0
802,85,0,0,0
813,89,0,0,0
813,89,0,0,0
816,90,0,0,0
816,90,0,0,0
815,90,0,0,0
815,90,0,0,0
808,84,0,0,0
808,84,0,0,0
799,79,0,0,0
799,79,0,0,0
787,75,0,0,0
787,75,0,0,0
783,75,0,0,0
783,75,0,0,0
781,83,0,0,0
781,83,0,0,0
782,85,0,0,0
782,85,0,0,0
788,87,0,0,0
788,87,0,0,0
793,88,0,0,0
793,88,0,0,0
800,88,0,0,0
800,88,0,0,0
804,88,0,0,0
804,88,0,0,0
798,88,0,0,0
798,88,0,0,0
793,88,0,0,0
793,88,0,0,0
787,89,0,0,0
787,89,0,0,0
785,90,0,0,0
785,90,0,0,0
785,91,0,0,0
785,91,0,0,0
785,92,0,0,0
785,92,0,0,0
786,93,0,0,0
786,93,0,0,0
790,93,0,0,0
790,93,0,0,0
792,93,0,0,0
792,93,0,0,0
794,93,0,0,0
794,93,0,0,0
795,92,0,0,0
795,92,0,0,0
795,91,0,0,0
795,91,0,0,0
787,90,0,0,0
787,90,0,0,0
785,90,0,0,0
785,90,0,0,0
784,90,0,0,0
784,90,0,0,0
784,89,0,0,0
