294,344,0,0,0
296,340,0,0,0
297,335,0,0,0
299,331,0,0,0
302,327,0,0,0
303,322,0,0,0
306,318,0,0,0
308,313,0,0,0
311,309,0,0,0
314,304,0,0,0
317,300,0,0,0
320,295,0,0,0
323,292,0,0,0
325,290,0,0,0
328,287,0,0,0
331,282,0,0,0
334,279,0,0,0
339,276,0,0,0
341,274,0,0,0
344,271,0,0,0
349,268,0,0,0
352,263,0,0,0
356,260,0,0,0
361,257,0,0,0
364,254,0,0,0
368,251,0,0,0
373,248,0,0,0
375,246,0,0,0
382,242,0,0,0
386,239,0,0,0
391,236,0,0,0
394,234,0,0,0
398,231,0,0,0
402,229,0,0,0
405,228,0,0,0
408,226,0,0,0
412,225,0,0,0
435,222,0,0,0
439,222,0,0,0
445,222,0,0,0
449,222,0,0,0
455,222,0,0,0
458,222,0,0,0
462,222,0,0,0
467,222,0,0,0
469,224,0,0,0
474,224,0,0,0
478,227,0,0,0
481,230,0,0,0
484,232,0,0,0
488,235,0,0,0
493,240,0,0,0
496,244,0,0,0
499,247,0,0,0
503,252,0,0,0
506,255,0,0,0
509,259,0,0,0
512,262,0,0,0
513,265,0,0,0
516,268,0,0,0
517,269,0,0,0
519,271,0,0,0
520,274,0,0,0
524,284,0,0,0
526,288,0,0,0
527,293,0,0,0
527,299,0,0,0
528,303,0,0,0
530,307,0,0,0
530,313,0,0,0
530,318,0,0,0
530,322,0,0,0
530,326,0,0,0
530,329,0,0,0
530,331,0,0,0
530,334,0,0,0
530,337,0,0,0
530,338,0,0,0
530,340,0,0,0
529,341,0,0,0
529,345,0,0,0
526,350,0,0,0
524,352,0,0,0
523,357,0,0,0
521,361,0,0,0
520,364,0,0,0
517,367,0,0,0
516,369,0,0,0
514,372,0,0,0
511,375,0,0,0
509,378,0,0,0
494,390,0,0,0
490,391,0,0,0
485,393,0,0,0
482,395,0,0,0
480,397,0,0,0
475,398,0,0,0
471,400,0,0,0
466,401,0,0,0
462,403,0,0,0
456,404,0,0,0
450,404,0,0,0
444,406,0,0,0
439,407,0,0,0
435,407,0,0,0
429,407,0,0,0
427,407,0,0,0
422,407,0,0,0
418,407,0,0,0
414,407,0,0,0
401,407,0,0,0
397,407,0,0,0
392,407,0,0,0
386,407,0,0,0
382,407,0,0,0
378,405,0,0,0
372,405,0,0,0
367,405,0,0,0
363,405,0,0,0
360,404,0,0,0
356,402,0,0,0
353,402,0,0,0
351,402,0,0,0
350,402,0,0,0
347,402,0,0,0
345,401,0,0,0
342,400,0,0,0
336,397,0,0,0
334,395,0,0,0
325,391,0,0,0
322,389,0,0,0
318,386,0,0,0
318,385,0,0,0
315,383,0,0,0
314,382,0,0,0
313,379,0,0,0
312,377,0,0,0
311,374,0,0,0
309,372,0,0,0
306,364,0,0,0
304,361,0,0,0
303,360,0,0,0
303,359,0,0,0
303,357,0,0,0
302,356,0,0,0
301,355,0,0,0
301,352,0,0,0
300,351,0,0,0
299,350,0,0,0
299,349,0,0,0
297,348,0,0,0
296,346,0,0,0
296,345,0,0,0
346,324,0,0,255
349,321,0,0,255
352,316,0,0,255
354,314,0,0,255
362,306,0,0,255
365,304,0,0,255
367,302,0,0,255
368,300,0,0,255
369,299,0,0,255
371,298,0,0,255
374,297,0,0,255
375,296,0,0,255
376,294,0,0,255
379,293,0,0,255
382,290,0,0,255
383,289,0,0,255
384,288,0,0,255
386,287,0,0,255
389,285,0,0,255
392,284,0,0,255
395,283,0,0,255
398,280,0,0,255
399,279,0,0,255
400,278,0,0,255
402,278,0,0,255
403,276,0,0,255
404,275,0,0,255
407,275,0,0,255
408,274,0,0,255
409,273,0,0,255
412,273,0,0,255
412,272,0,0,255
414,271,0,0,255
417,269,0,0,255
420,268,0,0,255
421,268,0,0,255
423,267,0,0,255
424,265,0,0,255
427,265,0,0,255
428,265,0,0,255
429,265,0,0,255
431,265,0,0,255
433,265,0,0,255
435,265,0,0,255
438,265,0,0,255
440,265,0,0,255
443,265,0,0,255
445,265,0,0,255
448,265,0,0,255
449,265,0,0,255
453,265,0,0,255
456,266,0,0,255
457,267,0,0,255
459,267,0,0,255
460,270,0,0,255
463,271,0,0,255
464,272,0,0,255
465,273,0,0,255
467,275,0,0,255
469,276,0,0,255
469,277,0,0,255
470,279,0,0,255
471,281,0,0,255
471,282,0,0,255
473,284,0,0,255
474,287,0,0,255
475,290,0,0,255
475,291,0,0,255
477,293,0,0,255
477,296,0,0,255
477,297,0,0,255
477,298,0,0,255
477,301,0,0,255
477,303,0,0,255
477,304,0,0,255
477,305,0,0,255
477,308,0,0,255
477,310,0,0,255
477,311,0,0,255
477,314,0,0,255
477,315,0,0,255
475,318,0,0,255
475,320,0,0,255
474,321,0,0,255
474,322,0,0,255
473,325,0,0,255
473,326,0,0,255
472,327,0,0,255
471,330,0,0,255
471,331,0,0,255
469,332,0,0,255
468,334,0,0,255
467,336,0,0,255
466,337,0,0,255
465,339,0,0,255
463,340,0,0,255
461,342,0,0,255
461,343,0,0,255
458,344,0,0,255
457,347,0,0,255
456,347,0,0,255
453,349,0,0,255
451,349,0,0,255
448,352,0,0,255
447,352,0,0,255
446,353,0,0,255
435,357,0,0,255
433,357,0,0,255
430,359,0,0,255
427,359,0,0,255
423,359,0,0,255
421,359,0,0,255
416,360,0,0,255
414,360,0,0,255
411,361,0,0,255
408,363,0,0,255
406,363,0,0,255
403,363,0,0,255
399,363,0,0,255
396,363,0,0,255
394,363,0,0,255
391,363,0,0,255
388,363,0,0,255
386,363,0,0,255
383,363,0,0,255
381,363,0,0,255
380,363,0,0,255
379,363,0,0,255
377,363,0,0,255
375,363,0,0,255
374,363,0,0,255
373,363,0,0,255
372,362,0,0,255
369,362,0,0,255
368,360,0,0,255
367,359,0,0,255
364,358,0,0,255
363,357,0,0,255
362,356,0,0,255
360,354,0,0,255
360,352,0,0,255
358,351,0,0,255
357,350,0,0,255
357,347,0,0,255
356,346,0,0,255
355,345,0,0,255
355,344,0,0,255
354,343,0,0,255
353,342,0,0,255
353,340,0,0,255
353,338,0,0,255
353,337,0,0,255
353,336,0,0,255
353,333,0,0,255
353,331,0,0,255
353,330,0,0,255
352,328,0,0,255
350,326,0,0,255
283,256,255,0,0
285,254,255,0,0
288,251,255,0,0
293,248,255,0,0
298,241,255,0,0
305,236,255,0,0
314,230,255,0,0
326,220,255,0,0
338,212,255,0,0
348,204,255,0,0
360,196,255,0,0
367,189,255,0,0
374,186,255,0,0
377,183,255,0,0
385,176,255,0,0
394,172,255,0,0
403,169,255,0,0
420,165,255,0,0
431,161,255,0,0
445,161,255,0,0
456,159,255,0,0
462,159,255,0,0
470,157,255,0,0
476,157,255,0,0
484,157,255,0,0
495,157,255,0,0
504,158,255,0,0
513,160,255,0,0
521,160,255,0,0
530,163,255,0,0
536,165,255,0,0
540,168,255,0,0
547,171,255,0,0
551,174,255,0,0
558,179,255,0,0
563,184,255,0,0
570,189,255,0,0
575,196,255,0,0
580,203,255,0,0
585,210,255,0,0
608,260,255,0,0
610,272,255,0,0
613,281,255,0,0
615,289,255,0,0
617,298,255,0,0
618,302,255,0,0
620,311,255,0,0
620,313,255,0,0
620,323,255,0,0
620,329,255,0,0
619,335,255,0,0
618,342,255,0,0
615,348,255,0,0
611,360,255,0,0
607,366,255,0,0
602,373,255,0,0
597,380,255,0,0
591,390,255,0,0
587,394,255,0,0
582,401,255,0,0
576,408,255,0,0
572,413,255,0,0
567,417,255,0,0
564,422,255,0,0
559,426,255,0,0
555,431,255,0,0
550,436,255,0,0
546,440,255,0,0
539,446,255,0,0
532,451,255,0,0
525,456,255,0,0
518,461,255,0,0
511,464,255,0,0
505,468,255,0,0
498,471,255,0,0
494,472,255,0,0
487,476,255,0,0
483,479,255,0,0
477,479,255,0,0
472,482,255,0,0
464,482,255,0,0
456,483,255,0,0
447,483,255,0,0
434,485,255,0,0
423,485,255,0,0
414,485,255,0,0
408,485,255,0,0
401,485,255,0,0
395,485,255,0,0
389,485,255,0,0
384,485,255,0,0
380,485,255,0,0
374,485,255,0,0
368,483,255,0,0
362,483,255,0,0
355,480,255,0,0
349,479,255,0,0
345,477,255,0,0
340,474,255,0,0
334,471,255,0,0
329,468,255,0,0
325,465,255,0,0
319,462,255,0,0
316,459,255,0,0
309,456,255,0,0
306,449,255,0,0
299,442,255,0,0
295,435,255,0,0
288,428,255,0,0
285,424,255,0,0
282,419,255,0,0
279,415,255,0,0
276,410,255,0,0
275,404,255,0,0
273,398,255,0,0
272,392,255,0,0
270,385,255,0,0
270,379,255,0,0
268,371,255,0,0
267,363,255,0,0
267,354,255,0,0
267,346,255,0,0
265,340,255,0,0
265,334,255,0,0
265,330,255,0,0
265,324,255,0,0
265,316,255,0,0
265,307,255,0,0
265,301,255,0,0
265,291,255,0,0
265,285,255,0,0
266,279,255,0,0
266,273,255,0,0
267,269,255,0,0
269,264,255,0,0
269,262,255,0,0
270,257,255,0,0
272,253,255,0,0
276,248,255,0,0
281,244,255,0,0
286,234,255,0,0
297,222,255,0,0
304,215,255,0,0
312,205,255,0,0
317,198,255,0,0
320,194,255,0,0
323,191,255,0,0
133,489,0,0,0
145,463,0,0,0
162,430,0,0,0
166,416,0,0,0
174,402,0,0,0
183,387,0,0,0
191,373,0,0,0
199,363,0,0,0
209,351,0,0,0
219,341,0,0,0
239,319,0,0,0
244,309,0,0,0
252,300,0,0,0
262,290,0,0,0
269,283,0,0,0
281,273,0,0,0
306,252,0,0,0
320,244,0,0,0
333,234,0,0,0
345,219,0,0,0
358,209,0,0,0
370,196,0,0,0
385,186,0,0,0
399,175,0,0,0
411,167,0,0,0
423,163,0,0,0
435,157,0,0,0
447,151,0,0,0
464,143,0,0,0
478,135,0,0,0
495,126,0,0,0
515,117,0,0,0
526,112,0,0,0
538,106,0,0,0
555,97,0,0,0
569,93,0,0,0
583,89,0,0,0
600,85,0,0,0
611,83,0,0,0
622,81,0,0,0
639,79,0,0,0
658,77,0,0,0
676,77,0,0,0
697,77,0,0,0
713,77,0,0,0
730,77,0,0,0
751,78,0,0,0
772,80,0,0,0
792,85,0,0,0
811,89,0,0,0
822,91,0,0,0
839,97,0,0,0
858,101,0,0,0
877,108,0,0,0
891,114,0,0,0
906,118,0,0,0
912,123,0,0,0
924,129,0,0,0
931,136,0,0,0
938,141,0,0,0
946,149,0,0,0
953,156,0,0,0
961,168,0,0,0
967,177,0,0,0
972,187,0,0,0
978,198,0,0,0
984,210,0,0,0
988,219,0,0,0
989,228,0,0,0
991,239,0,0,0
995,251,0,0,0
995,259,0,0,0
995,270,0,0,0
995,278,0,0,0
995,289,0,0,0
995,297,0,0,0
992,306,0,0,0
991,312,0,0,0
987,321,0,0,0
982,331,0,0,0
974,343,0,0,0
964,353,0,0,0
954,363,0,0,0
942,371,0,0,0
935,376,0,0,0
926,379,0,0,0
917,383,0,0,0
903,385,0,0,0
892,385,0,0,0
883,382,0,0,0
865,377,0,0,0
858,372,0,0,0
852,369,0,0,0
845,363,0,0,0
837,354,0,0,0
834,347,0,0,0
831,341,0,0,0
827,332,0,0,0
827,323,0,0,0
830,301,0,0,0
834,290,0,0,0
844,277,0,0,0
854,267,0,0,0
871,254,0,0,0
893,243,0,0,0
907,239,0,0,0
922,235,0,0,0
933,233,0,0,0
946,231,0,0,0
960,231,0,0,0
974,232,0,0,0
985,234,0,0,0
994,240,0,0,0
1001,245,0,0,0
1005,252,0,0,0
1013,264,0,0,0
1019,278,0,0,0
1025,292,0,0,0
1027,304,0,0,0
1029,320,0,0,0
1029,333,0,0,0
1025,352,0,0,0
1022,364,0,0,0
1017,383,0,0,0
1009,398,0,0,0
1001,410,0,0,0
993,422,0,0,0
986,429,0,0,0
971,439,0,0,0
957,446,0,0,0
945,449,0,0,0
932,449,0,0,0
923,449,0,0,0
910,442,0,0,0
903,437,0,0,0
897,427,0,0,0
896,419,0,0,0
896,408,0,0,0
899,391,0,0,0
907,379,0,0,0
917,365,0,0,0
928,350,0,0,0
943,339,0,0,0
960,329,0,0,0
974,320,0,0,0
991,314,0,0,0
1008,310,0,0,0
1019,308,0,0,0
1030,308,0,0,0
1041,311,0,0,0
1050,315,0,0,0
1060,322,0,0,0
1072,330,0,0,0
1080,342,0,0,0
1088,357,0,0,0
1090,360,0,0,0
1102,382,0,0,0
1106,401,0,0,0
1108,414,0,0,0
1110,431,0,0,0
1112,442,0,0,0
1111,456,0,0,0
1109,467,0,0,0
1105,484,0,0,0
1101,495,0,0,0
1095,509,0,0,0
1090,514,0,0,0
1085,521,0,0,0
1076,525,0,0,0
1062,529,0,0,0
1051,529,0,0,0
1044,526,0,0,0
1040,525,0,0,0
1033,520,0,0,0
1030,513,0,0,0
1027,507,0,0,0
1027,501,0,0,0
1027,495,0,0,0
1029,492,0,0,0
1030,489,0,0,0
1034,486,0,0,0
1041,483,0,0,0
1055,479,0,0,0
1069,477,0,0,0
1080,477,0,0,0
1097,479,0,0,0
1103,483,0,0,0
1113,486,0,0,0
1119,492,0,0,0
1124,495,0,0,0
1127,499,0,0,0
1134,508,0,0,0
1138,519,0,0,0
1140,531,0,0,0
1140,537,0,0,0
1139,543,0,0,0
1138,549,0,0,0
1136,553,0,0,0
1130,561,0,0,0
1127,563,0,0,0
1121,565,0,0,0
1115,567,0,0,0
1109,567,0,0,0
1103,566,0,0,0
1096,563,0,0,0
1093,558,0,0,0
1087,553,0,0,0
1083,544,0,0,0
1083,538,0,0,0
1083,530,0,0,0
1084,519,0,0,0
1088,510,0,0,0
1093,503,0,0,0
1103,495,0,0,0
1112,492,0,0,0
1123,486,0,0,0
1132,482,0,0,0
1144,480,0,0,0
1152,480,0,0,0
1161,479,0,0,0
1169,479,0,0,0
1175,477,0,0,0
1181,476,0,0,0
1187,474,0,0,0
1194,471,0,0,0
1197,466,0,0,0
1204,455,0,0,0
1210,441,0,0,0
1214,427,0,0,0
1214,416,0,0,0
1213,405,0,0,0
1209,391,0,0,0
1206,379,0,0,0
1197,365,0,0,0
1187,348,0,0,0
1176,331,0,0,0
1165,316,0,0,0
1155,301,0,0,0
1142,284,0,0,0
1134,272,0,0,0
1126,260,0,0,0
1118,248,0,0,0
1111,240,0,0,0
1103,233,0,0,0
1091,223,0,0,0
1079,213,0,0,0
1059,202,0,0,0
1047,194,0,0,0
1035,186,0,0,0
1026,180,0,0,0
1014,172,0,0,0
1002,168,0,0,0
990,162,0,0,0
976,158,0,0,0
962,154,0,0,0
951,151,0,0,0
937,151,0,0,0
921,151,0,0,0
897,148,0,0,0
868,148,0,0,0
847,148,0,0,0
828,150,0,0,0
801,150,0,0,0
780,154,0,0,0
758,156,0,0,0
744,160,0,0,0
730,164,0,0,0
713,170,0,0,0
697,177,0,0,0
675,183,0,0,0
658,190,0,0,0
646,198,0,0,0
634,203,0,0,0
622,211,0,0,0
600,223,0,0,0
583,231,0,0,0
571,237,0,0,0
559,243,0,0,0
552,250,0,0,0
540,263,0,0,0
529,277,0,0,0
519,289,0,0,0
506,304,0,0,0
499,312,0,0,0
489,321,0,0,0
479,331,0,0,0
470,339,0,0,0
462,351,0,0,0
445,378,0,0,0
437,392,0,0,0
429,402,0,0,0
417,412,0,0,0
402,422,0,0,0
391,428,0,0,0
379,436,0,0,0
367,444,0,0,0
357,452,0,0,0
342,462,0,0,0
322,476,0,0,0
303,484,0,0,0
283,493,0,0,0
272,499,0,0,0
260,503,0,0,0
251,508,0,0,0
239,512,0,0,0
225,516,0,0,0
208,523,0,0,0
197,526,0,0,0
188,530,0,0,0
181,533,0,0,0
172,537,0,0,0
163,543,0,0,0
149,547,0,0,0
137,552,0,0,0
125,556,0,0,0
114,558,0,0,0
108,558,0,0,0
104,558,0,0,0
100,558,0,0,0
97,556,0,0,0
92,552,0,0,0
87,542,0,0,0
85,536,0,0,0
83,520,0,0,0
83,499,0,0,0
87,472,0,0,0
91,453,0,0,0
99,438,0,0,0
110,423,0,0,0
122,409,0,0,0
137,394,0,0,0
152,381,0,0,0
167,370,0,0,0
179,364,0,0,0
201,356,0,0,0
228,351,0,0,0
254,347,0,0,0
276,347,0,0,0
310,350,0,0,0
340,355,0,0,0
367,360,0,0,0
389,364,0,0,0
415,368,0,0,0
443,378,0,0,0
465,382,0,0,0
482,388,0,0,0
498,395,0,0,0
518,401,0,0,0
537,410,0,0,0
552,416,0,0,0
564,424,0,0,0
573,430,0,0,0
585,438,0,0,0
597,448,0,0,0
615,463,0,0,0
632,474,0,0,0
647,484,0,0,0
659,492,0,0,0
671,500,0,0,0
682,504,0,0,0
699,508,0,0,0
718,513,0,0,0
734,513,0,0,0
750,512,0,0,0
764,510,0,0,0
783,505,0,0,0
807,503,0,0,0
831,501,0,0,0
853,497,0,0,0
869,495,0,0,0
891,492,0,0,0
910,490,0,0,0
926,488,0,0,0
937,488,0,0,0
948,486,0,0,0
954,485,0,0,0
960,483,0,0,0
965,482,0,0,0
968,479,0,0,0
972,476,0,0,0
977,471,0,0,0
982,462,0,0,0
988,453,0,0,0
996,441,0,0,0
1004,429,0,0,0
1012,414,0,0,0
1016,403,0,0,0
1022,391,0,0,0
1028,381,0,0,0
1033,372,0,0,0
1038,367,0,0,0
1041,363,0,0,0
1044,359,0,0,0
1045,357,0,0,0
1046,356,0,0,0
1049,356,0,0,0
1050,356,0,0,0
1052,356,0,0,0
1054,359,0,0,0
1059,368,0,0,0
1061,379,0,0,0
1065,393,0,0,0
1065,407,0,0,0
1065,423,0,0,0
1065,436,0,0,0
1064,450,0,0,0
1062,461,0,0,0
1060,475,0,0,0
1058,486,0,0,0
1058,497,0,0,0
1058,503,0,0,0
1058,507,0,0,0
1058,510,0,0,0
1058,511,0,0,0
1058,512,0,0,0
1059,512,0,0,0
1063,505,0,0,0
1071,488,0,0,0
1077,472,0,0,0
1084,450,0,0,0
1093,430,0,0,0
1104,408,0,0,0
1112,391,0,0,0
1123,376,0,0,0
1131,364,0,0,0
1136,357,0,0,0
1141,353,0,0,0
1144,350,0,0,0
1146,348,0,0,0
1149,347,0,0,0
1150,347,0,0,0
1151,349,0,0,0
1154,353,0,0,0
1154,365,0,0,0
1153,382,0,0,0
1151,403,0,0,0
1147,420,0,0,0
1143,434,0,0,0
1139,445,0,0,0
1137,456,0,0,0
1136,461,0,0,0
1134,465,0,0,0
1134,468,0,0,0
1134,469,0,0,0
1135,469,0,0,0
1137,461,0,0,0
1141,447,0,0,0
1145,433,0,0,0
1152,417,0,0,0
1158,402,0,0,0
1164,393,0,0,0
1169,384,0,0,0
1172,379,0,0,0
1173,376,0,0,0
1175,376,0,0,0
1175,378,0,0,0
1175,388,0,0,0
1171,405,0,0,0
1163,427,0,0,0
1159,441,0,0,0
1153,455,0,0,0
1146,472,0,0,0
1142,483,0,0,0
1142,491,0,0,0
1141,494,0,0,0
1141,497,0,0,0
1141,498,0,0,0
248,168,0,0,0
252,164,0,0,0
264,154,0,0,0
269,149,0,0,0
273,146,0,0,0
276,142,0,0,0
281,139,0,0,0
288,133,0,0,0
292,130,0,0,0
297,127,0,0,0
306,124,0,0,0
312,122,0,0,0
320,121,0,0,0
327,119,0,0,0
333,119,0,0,0
337,119,0,0,0
341,119,0,0,0
344,119,0,0,0
346,120,0,0,0
349,120,0,0,0
352,121,0,0,0
353,122,0,0,0
354,123,0,0,0
354,125,0,0,0
355,127,0,0,0
357,130,0,0,0
357,134,0,0,0
358,139,0,0,0
360,143,0,0,0
360,150,0,0,0
360,152,0,0,0
360,155,0,0,0
360,156,0,0,0
360,158,0,0,0
360,161,0,0,0
359,162,0,0,0
358,163,0,0,0
357,163,0,0,0
356,164,0,0,0
356,166,0,0,0
355,166,0,0,0
354,166,0,0,0
351,166,0,0,0
350,166,0,0,0
349,166,0,0,0
348,165,0,0,0
347,164,0,0,0
346,162,0,0,0
346,159,0,0,0
346,155,0,0,0
346,151,0,0,0
349,146,0,0,0
353,139,0,0,0
355,134,0,0,0
358,132,0,0,0
362,129,0,0,0
367,126,0,0,0
375,122,0,0,0
381,121,0,0,0
387,119,0,0,0
393,119,0,0,0
398,118,0,0,0
406,118,0,0,0
411,118,0,0,0
413,118,0,0,0
416,118,0,0,0
417,119,0,0,0
421,123,0,0,0
422,124,0,0,0
423,127,0,0,0
425,130,0,0,0
426,135,0,0,0
427,138,0,0,0
427,139,0,0,0
429,141,0,0,0
684,386,0,0,0
698,374,0,0,0
709,366,0,0,0
716,362,0,0,0
720,361,0,0,0
725,358,0,0,0
735,355,0,0,0
752,353,0,0,0
769,353,0,0,0
780,353,0,0,0
786,354,0,0,0
796,357,0,0,0
801,358,0,0,0
803,360,0,0,0
809,364,0,0,0
812,365,0,0,0
815,368,0,0,0
815,371,0,0,0
816,375,0,0,0
817,382,0,0,0
817,385,0,0,0
817,389,0,0,0
816,392,0,0,0
813,396,0,0,0
805,404,0,0,0
800,408,0,0,0
789,414,0,0,0
774,418,0,0,0
769,419,0,0,0
763,419,0,0,0
761,419,0,0,0
758,419,0,0,0
757,419,0,0,0
755,418,0,0,0
750,410,0,0,0
749,404,0,0,0
747,396,0,0,0
747,391,0,0,0
748,385,0,0,0
749,381,0,0,0
751,376,0,0,0
753,374,0,0,0
756,369,0,0,0
767,361,0,0,0
774,360,0,0,0
782,358,0,0,0
787,358,0,0,0
793,358,0,0,0
799,358,0,0,0
801,360,0,0,0
807,361,0,0,0
810,364,0,0,0
815,366,0,0,0
818,368,0,0,0
822,376,0,0,0
825,380,0,0,0
825,383,0,0,0
826,387,0,0,0
826,391,0,0,0
826,392,0,0,0
826,396,0,0,0
826,400,0,0,0
823,401,0,0,0
821,403,0,0,0
818,404,0,0,0
812,404,0,0,0
809,404,0,0,0
803,402,0,0,0
800,399,0,0,0
797,397,0,0,0
794,390,0,0,0
791,384,0,0,0
791,378,0,0,0
791,372,0,0,0
792,363,0,0,0
793,357,0,0,0
798,350,0,0,0
804,343,0,0,0
808,339,0,0,0
818,331,0,0,0
830,325,0,0,0
836,324,0,0,0
847,322,0,0,0
853,320,0,0,0
856,320,0,0,0
860,320,0,0,0
863,321,0,0,0
864,321,0,0,0
866,322,0,0,0
868,323,0,0,0
80,363,0,255,0
92,328,0,255,0
112,316,0,255,0
118,316,0,255,0
125,318,0,255,0
133,324,0,255,0
140,333,0,255,0
143,338,0,255,0
150,349,0,255,0
152,356,0,255,0
152,360,0,255,0
152,367,0,255,0
149,374,0,255,0
148,377,0,255,0
145,380,0,255,0
142,381,0,255,0
139,382,0,255,0
138,382,0,255,0
136,382,0,255,0
135,381,0,255,0
132,378,0,255,0
126,365,0,255,0
128,313,0,255,0
131,311,0,255,0
131,308,0,255,0
132,307,0,255,0
136,304,0,255,0
139,303,0,255,0
145,303,0,255,0
151,303,0,255,0
157,303,0,255,0
165,303,0,255,0
177,307,0,255,0
180,310,0,255,0
185,314,0,255,0
189,319,0,255,0
197,340,0,255,0
200,346,0,255,0
200,350,0,255,0
202,359,0,255,0
202,362,0,255,0
202,363,0,255,0
201,364,0,255,0
200,364,0,255,0
199,364,0,255,0
197,363,0,255,0
193,348,0,255,0
193,337,0,255,0
193,324,0,255,0
196,312,0,255,0
200,303,0,255,0
206,292,0,255,0
209,289,0,255,0
218,282,0,255,0
232,278,0,255,0
259,274,0,255,0
270,274,0,255,0
283,280,0,255,0
288,284,0,255,0
295,291,0,255,0
316,316,0,255,0
327,336,0,255,0
335,350,0,255,0
343,362,0,255,0
354,378,0,255,0
357,381,0,255,0
362,388,0,255,0
369,395,0,255,0
372,397,0,255,0
374,397,0,255,0
377,396,0,255,0
380,395,0,255,0
389,385,0,255,0
399,376,0,255,0
411,365,0,255,0
441,342,0,255,0
456,332,0,255,0
470,323,0,255,0
489,317,0,255,0
511,313,0,255,0
541,313,0,255,0
555,316,0,255,0
571,320,0,255,0
586,328,0,255,0
603,337,0,255,0
615,342,0,255,0
627,353,0,255,0
648,368,0,255,0
658,376,0,255,0
670,386,0,255,0
680,394,0,255,0
690,403,0,255,0
701,412,0,255,0
712,420,0,255,0
719,423,0,255,0
728,427,0,255,0
736,428,0,255,0
753,428,0,255,0
761,428,0,255,0
762,428,0,255,0
779,428,0,255,0
789,428,0,255,0
794,426,0,255,0
804,423,0,255,0
811,418,0,255,0
815,415,0,255,0
822,409,0,255,0
832,401,0,255,0
839,394,0,255,0
853,379,0,255,0
858,375,0,255,0
862,372,0,255,0
867,367,0,255,0
873,363,0,255,0
874,362,0,255,0
875,360,0,255,0
875,359,0,255,0
876,359,0,255,0
877,359,0,255,0
880,359,0,255,0
885,358,0,255,0
889,357,0,255,0
898,355,0,255,0
902,354,0,255,0
907,351,0,255,0
911,348,0,255,0
914,345,0,255,0
919,342,0,255,0
923,337,0,255,0
926,333,0,255,0
939,314,0,255,0
947,305,0,255,0
952,298,0,255,0
959,290,0,255,0
965,281,0,255,0
969,276,0,255,0
974,272,0,255,0
979,267,0,255,0
983,262,0,255,0
988,258,0,255,0
991,255,0,255,0
995,252,0,255,0
1000,247,0,255,0
1007,240,0,255,0
1012,237,0,255,0
1016,234,0,255,0
1021,231,0,255,0
1025,228,0,255,0
1028,225,0,255,0
1032,224,0,255,0
1035,221,0,255,0
1038,218,0,255,0
1044,214,0,255,0
1046,212,0,255,0
1049,211,0,255,0
1052,208,0,255,0
1055,207,0,255,0
1060,203,0,255,0
1065,200,0,255,0
1069,197,0,255,0
1072,194,0,255,0
1077,191,0,255,0
1079,189,0,255,0
1084,188,0,255,0
1087,187,0,255,0
1089,185,0,255,0
1090,185,0,255,0
1093,184,0,255,0
1096,183,0,255,0
1099,181,0,255,0
1100,180,0,255,0
1103,180,0,255,0
1104,179,0,255,0
1105,178,0,255,0
1108,178,0,255,0
1110,177,0,255,0
1113,175,0,255,0
1114,175,0,255,0
1116,173,0,255,0
1118,172,0,255,0
1122,171,0,255,0
1124,170,0,255,0
1128,168,0,255,0
1129,168,0,255,0
1129,167,0,255,0
1132,166,0,255,0
1134,166,0,255,0
1136,165,0,255,0
1138,164,0,255,0
1140,164,0,255,0
1141,163,0,255,0
1142,161,0,255,0
1143,161,0,255,0
1145,161,0,255,0
1146,160,0,255,0
1147,159,0,255,0
1149,158,0,255,0
1150,157,0,255,0
1152,156,0,255,0
1152,154,0,255,0
1153,154,0,255,0
1155,154,0,255,0
1156,154,0,255,0
1157,153,0,255,0
1157,152,0,255,0
1158,152,0,255,0
1159,151,0,255,0
1162,147,0,255,0
1164,147,0,255,0
1164,146,0,255,0
1165,145,0,255,0
1166,144,0,255,0
1168,143,0,255,0
1169,143,0,255,0
1169,142,0,255,0
1170,140,0,255,0
1171,139,0,255,0
1171,138,0,255,0
1172,137,0,255,0
1173,136,0,255,0
1174,135,0,255,0
1176,134,0,255,0
1176,132,0,255,0
1176,131,0,255,0
1177,131,0,255,0
1178,130,0,255,0
1178,129,0,255,0
1179,125,0,255,0
1180,124,0,255,0
1181,121,0,255,0
1182,120,0,255,0
1182,119,0,255,0
1182,117,0,255,0
1182,116,0,255,0
1185,114,0,255,0
1185,113,0,255,0
1185,109,0,255,0
1185,108,0,255,0
1185,107,0,255,0
1185,106,0,255,0
1185,105,0,255,0
1185,102,0,255,0
1185,100,0,255,0
1185,99,0,255,0
1185,98,0,255,0
1185,95,0,255,0
1185,94,0,255,0
1185,90,0,255,0
1184,88,0,255,0
1183,83,0,255,0
1180,80,0,255,0
1174,73,0,255,0
1171,70,0,255,0
1169,68,0,255,0
1167,67,0,255,0
1165,66,0,255,0
1162,66,0,255,0
1155,64,0,255,0
1150,64,0,255,0
1140,66,0,255,0
1133,69,0,255,0
1129,72,0,255,0
1120,80,0,255,0
1115,85,0,255,0
1106,109,0,255,0
1106,117,0,255,0
1106,129,0,255,0
1107,137,0,255,0
1109,144,0,255,0
1112,150,0,255,0
1115,159,0,255,0
1118,162,0,255,0
1121,166,0,255,0
1122,169,0,255,0
1128,173,0,255,0
1130,175,0,255,0
1135,176,0,255,0
1137,176,0,255,0
1143,174,0,255,0
1146,172,0,255,0
1148,169,0,255,0
1151,166,0,255,0
1157,160,0,255,0
1160,159,0,255,0
1162,157,0,255,0
1162,155,0,255,0
1165,152,0,255,0
1166,151,0,255,0
1167,151,0,255,0
1168,154,0,255,0
1170,157,0,255,0
1173,169,0,255,0
1176,175,0,255,0
1178,180,0,255,0
1179,186,0,255,0
1185,197,0,255,0
1187,200,0,255,0
1194,209,0,255,0
1197,213,0,255,0
1201,219,0,255,0
1204,223,0,255,0
1208,225,0,255,0
1210,225,0,255,0
1211,228,0,255,0
1213,228,0,255,0
1212,228,0,255,0
1211,229,0,255,0
1209,231,0,255,0
1195,252,0,255,0
1187,269,0,255,0
1179,281,0,255,0
1173,296,0,255,0
1167,310,0,255,0
1159,330,0,255,0
1158,337,0,255,0
1154,348,0,255,0
1151,352,0,255,0
1151,355,0,255,0
1149,357,0,255,0
1146,361,0,255,0
1142,363,0,255,0
1129,367,0,255,0
1121,369,0,255,0
1105,369,0,255,0
1096,369,0,255,0
1088,368,0,255,0
1075,363,0,255,0
1072,362,0,255,0
1069,359,0,255,0
1063,352,0,255,0
1063,349,0,255,0
100,261,0,0,0
117,244,0,0,0
122,244,0,0,0
146,257,0,0,0
169,298,0,0,0
171,309,0,0,0
172,329,0,0,0
171,338,0,0,0
160,354,0,0,0
156,359,0,0,0
144,368,0,0,0
140,370,0,0,0
133,369,0,0,0
130,368,0,0,0
122,352,0,0,0
120,341,0,0,0
120,333,0,0,0
121,322,0,0,0
129,289,0,0,0
135,274,0,0,0
148,258,0,0,0
157,252,0,0,0
173,243,0,0,0
177,243,0,0,0
183,243,0,0,0
186,243,0,0,0
191,245,0,0,0
194,250,0,0,0
200,276,0,0,0
200,289,0,0,0
200,300,0,0,0
199,307,0,0,0
198,317,0,0,0
197,321,0,0,0
194,324,0,0,0
191,325,0,0,0
186,325,0,0,0
183,323,0,0,0
179,311,0,0,0
180,297,0,0,0
194,252,0,0,0
199,243,0,0,0
205,235,0,0,0
208,232,0,0,0
217,229,0,0,0
219,229,0,0,0
230,235,0,0,0
235,239,0,0,0
245,273,0,0,0
247,286,0,0,0
247,297,0,0,0
247,301,0,0,0
247,306,0,0,0
247,308,0,0,0
247,310,0,0,0
246,311,0,0,0
243,309,0,0,0
238,301,0,0,0
234,265,0,0,0
235,249,0,0,0
249,225,0,0,0
257,213,0,0,0
275,191,0,0,0
282,184,0,0,0
300,175,0,0,0
309,173,0,0,0
320,174,0,0,0
337,187,0,0,0
345,196,0,0,0
353,206,0,0,0
362,229,0,0,0
364,241,0,0,0
364,249,0,0,0
364,250,0,0,0
364,253,0,0,0
366,251,0,0,0
367,243,0,0,0
369,226,0,0,0
371,215,0,0,0
379,192,0,0,0
383,178,0,0,0
391,166,0,0,0
402,159,0,0,0
424,155,0,0,0
430,156,0,0,0
435,160,0,0,0
448,182,0,0,0
456,207,0,0,0
456,221,0,0,0
460,246,0,0,0
460,254,0,0,0
460,261,0,0,0
460,262,0,0,0
462,256,0,0,0
466,242,0,0,0
470,228,0,0,0
474,217,0,0,0
491,188,0,0,0
503,175,0,0,0
528,155,0,0,0
537,151,0,0,0
546,148,0,0,0
558,148,0,0,0
564,150,0,0,0
571,155,0,0,0
574,160,0,0,0
581,170,0,0,0
589,196,0,0,0
593,208,0,0,0
595,219,0,0,0
596,229,0,0,0
598,234,0,0,0
598,236,0,0,0
599,236,0,0,0
600,236,0,0,0
612,222,0,0,0
623,207,0,0,0
633,195,0,0,0
643,183,0,0,0
675,159,0,0,0
690,151,0,0,0
705,147,0,0,0
709,147,0,0,0
717,155,0,0,0
725,168,0,0,0
729,187,0,0,0
733,208,0,0,0
733,251,0,0,0
733,267,0,0,0
733,280,0,0,0
733,289,0,0,0
733,295,0,0,0
733,297,0,0,0
736,296,0,0,0
743,290,0,0,0
755,275,0,0,0
768,260,0,0,0
783,245,0,0,0
798,230,0,0,0
828,206,0,0,0
839,201,0,0,0
854,197,0,0,0
859,198,0,0,0
868,204,0,0,0
875,217,0,0,0
879,233,0,0,0
884,250,0,0,0
884,268,0,0,0
884,285,0,0,0
885,307,0,0,0
887,315,0,0,0
887,320,0,0,0
889,324,0,0,0
890,327,0,0,0
891,329,0,0,0
900,329,0,0,0
908,327,0,0,0
923,319,0,0,0
937,310,0,0,0
965,288,0,0,0
979,279,0,0,0
989,272,0,0,0
997,270,0,0,0
1010,269,0,0,0
1013,272,0,0,0
1019,277,0,0,0
1026,282,0,0,0
1037,298,0,0,0
1045,313,0,0,0
1049,324,0,0,0
1057,398,0,0,0
1059,411,0,0,0
1060,415,0,0,0
1060,416,0,0,0
1060,417,0,0,0
1063,417,0,0,0
1066,415,0,0,0
1071,409,0,0,0
1081,397,0,0,0
1097,373,0,0,0
1101,368,0,0,0
1106,363,0,0,0
1107,362,0,0,0
1109,361,0,0,0
1111,364,0,0,0
1112,372,0,0,0
1111,386,0,0,0
1104,411,0,0,0
1100,423,0,0,0
1091,440,0,0,0
1083,454,0,0,0
1062,479,0,0,0
1050,489,0,0,0
1035,500,0,0,0
1016,508,0,0,0
951,520,0,0,0
910,526,0,0,0
844,529,0,0,0
721,538,0,0,0
659,545,0,0,0
627,552,0,0,0
590,560,0,0,0
542,569,0,0,0
489,578,0,0,0
456,578,0,0,0
417,576,0,0,0
392,570,0,0,0
346,562,0,0,0
311,545,0,0,0
271,528,0,0,0
259,518,0,0,0
247,510,0,0,0
240,504,0,0,0
231,495,0,0,0
224,491,0,0,0
220,488,0,0,0
213,485,0,0,0
197,485,0,0,0
188,488,0,0,0
176,492,0,0,0
164,500,0,0,0
138,512,0,0,0
126,520,0,0,0
114,526,0,0,0
102,532,0,0,0
88,535,0,0,0
83,535,0,0,0
81,535,0,0,0
78,533,0,0,0
71,527,0,0,0
67,521,0,0,0
64,516,0,0,0
63,514,0,0,0
60,511,0,0,0
59,511,0,0,0
58,511,0,0,0
57,511,0,0,0
53,512,0,0,0
52,515,0,0,0
51,518,0,0,0
49,519,0,0,0
48,524,0,0,0
48,528,0,0,0
48,541,0,0,0
49,549,0,0,0
49,554,0,0,0
49,560,0,0,0
49,565,0,0,0
49,566,0,0,0
49,567,0,0,0
46,565,0,0,0
45,561,0,0,0
43,548,0,0,0
43,542,0,0,0
43,537,0,0,0
43,536,0,0,0
45,539,0,0,0
48,543,0,0,0
49,548,0,0,0
53,551,0,0,0
56,554,0,0,0
58,557,0,0,0
61,559,0,0,0
64,560,0,0,0
69,560,0,0,0
73,559,0,0,0
76,558,0,0,0
79,555,0,0,0
83,548,0,0,0
86,544,0,0,0
86,541,0,0,0
88,540,0,0,0
89,540,0,0,0
91,540,0,0,0
94,542,0,0,0
101,548,0,0,0
108,552,0,0,0
112,557,0,0,0
117,562,0,0,0
123,566,0,0,0
128,567,0,0,0
135,567,0,0,0
139,567,0,0,0
142,565,0,0,0
145,562,0,0,0
148,560,0,0,0
152,554,0,0,0
153,553,0,0,0
156,552,0,0,0
157,551,0,0,0
158,551,0,0,0
163,551,0,0,0
166,552,0,0,0
168,554,0,0,0
173,557,0,0,0
184,563,0,0,0
188,566,0,0,0
197,569,0,0,0
201,570,0,0,0
206,570,0,0,0
210,570,0,0,0
215,570,0,0,0
218,570,0,0,0
219,567,0,0,0
220,566,0,0,0
224,562,0,0,0
225,562,0,0,0
228,562,0,0,0
230,562,0,0,0
236,564,0,0,0
261,579,0,0,0
272,584,0,0,0
283,587,0,0,0
287,590,0,0,0
290,590,0,0,0
55,320,255,255,0
97,345,255,255,0
97,399,255,255,0
81,401,255,255,0
113,345,255,255,0
125,347,255,255,0
169,402,255,255,0
172,417,255,255,0
171,438,255,255,0
165,445,255,255,0
151,446,255,255,0
145,441,255,255,0
159,408,255,255,0
179,395,255,255,0
218,399,255,255,0
232,413,255,255,0
245,433,255,255,0
248,444,255,255,0
246,452,255,255,0
238,454,255,255,0
229,452,255,255,0
227,451,255,255,0
232,447,255,255,0
255,442,255,255,0
280,445,255,255,0
289,452,255,255,0
294,472,255,255,0
287,478,255,255,0
274,478,255,255,0
269,473,255,255,0
266,463,255,255,0
267,457,255,255,0
283,456,255,255,0
288,457,255,255,0
290,464,255,255,0
288,472,255,255,0
282,477,255,255,0
281,477,255,255,0
279,470,255,255,0
285,465,255,255,0
315,467,255,255,0
326,473,255,255,0
335,484,255,255,0
339,490,255,255,0
340,499,255,255,0
340,500,255,255,0
339,499,255,255,0
339,496,255,255,0
351,490,255,255,0
365,495,255,255,0
372,504,255,255,0
373,518,255,255,0
367,527,255,255,0
362,528,255,255,0
356,518,255,255,0
360,510,255,255,0
378,502,255,255,0
387,502,255,255,0
407,518,255,255,0
407,524,255,255,0
397,530,255,255,0
395,522,255,255,0
398,513,255,255,0
429,512,255,255,0
446,531,255,255,0
449,541,255,255,0
448,544,255,255,0
449,540,255,255,0
474,522,255,255,0
505,527,255,255,0
536,551,255,255,0
542,554,255,255,0
549,553,255,255,0
558,532,255,255,0
562,525,255,255,0
594,530,255,255,0
618,538,255,255,0
626,541,255,255,0
634,544,255,255,0
635,544,255,255,0
487,229,255,255,0
463,264,255,255,0
436,310,255,255,0
436,312,255,255,0
478,272,255,255,0
544,149,255,255,0
628,38,255,255,0
632,33,255,255,0
632,86,255,255,0
621,125,255,255,0
572,275,255,255,0
551,341,255,255,0
548,354,255,255,0
548,356,255,255,0
566,341,255,255,0
634,233,255,255,0
680,174,255,255,0
681,173,255,255,0
670,214,255,255,0
621,341,255,255,0
584,454,255,255,0
584,456,255,255,0
625,378,255,255,0
708,242,255,255,0
738,199,255,255,0
740,196,255,255,0
727,284,255,255,0
705,353,255,255,0
684,417,255,255,0
683,426,255,255,0
698,414,255,255,0
744,334,255,255,0
824,220,255,255,0
838,198,255,255,0
839,198,255,255,0
837,253,255,255,0
801,390,255,255,0
786,438,255,255,0
786,441,255,255,0
824,392,255,255,0
924,204,255,255,0
945,175,255,255,0
952,181,255,255,0
923,284,255,255,0
843,467,255,255,0
840,480,255,255,0
897,385,255,255,0
930,314,255,255,0
984,211,255,255,0
995,201,255,255,0
958,298,255,255,0
925,387,255,255,0
894,466,255,255,0
893,471,255,255,0
905,446,255,255,0
944,328,255,255,0
970,226,255,255,0
970,217,255,255,0
939,220,255,255,0
823,280,255,255,0
748,344,255,255,0
744,351,255,255,0
744,353,255,255,0
748,351,255,255,0
795,320,255,255,0
803,308,255,255,0
818,270,255,255,0
818,265,255,255,0
817,265,255,255,0
812,268,255,255,0
767,346,255,255,0
741,426,255,255,0
731,461,255,255,0
731,465,255,255,0
744,450,255,255,0
839,317,255,255,0
860,278,255,255,0
860,277,255,255,0
858,281,255,255,0
844,304,255,255,0
810,387,255,255,0
798,419,255,255,0
792,431,255,255,0
831,347,255,255,0
854,289,255,255,0
854,288,255,255,0
829,349,255,255,0
816,390,255,255,0
